3
3

1 2 3
1 100 101 2 3
1 2 100 101 102 3

20 12  
8 19 
12 5 

82 77 55 
82 9 82 77 55 
82 77 9 82 77 55 

28 48 76 
28 16 28 48 76 
28 48 16 28 48 76 

60 87 34 
60 15 60 87 34 
60 87 15 60 87 34 

S(1,1,2) - C(1,1,1) - Q(1,1,2) <= 0
S(1,1,3) - C(1,1,1) - Q(1,1,3) <= 0
S(1,1,3) - C(1,1,2) - Q(1,1,3) <= 0
S(2,1,2) - C(2,1,1) - Q(2,1,2) <= 0
S(2,1,3) - C(2,1,1) - Q(2,1,3) <= 0
S(2,1,3) - C(2,1,2) - Q(2,1,3) <= 0
S(3,1,2) - C(3,1,1) - Q(3,1,2) <= 0
S(3,1,3) - C(3,1,1) - Q(3,1,3) <= 0
S(3,1,3) - C(3,1,2) - Q(3,1,3) <= 0